Data of Precipitation Indices.

Rx1day Yearly data.

array([22.5584258 , 22.14399432, 24.71383695, 22.35536561, 21.27040014,
       24.07648043, 21.3928319 , 21.92401217, 23.4221966 , 24.95032787,
       22.49757384, 23.0390926 , 24.85599885, 25.15180787, 25.90376562,
       25.61181191, 28.41720953, 19.41896802, 24.89787015, 21.14546177,
       23.36450692, 22.74642098, 22.31328166, 24.5905536 , 22.92403391,
       23.84814004, 25.43663005, 23.72483631, 23.72406563, 25.22958243,
       24.39261878, 23.22590195, 28.82400444, 23.3359831 , 21.43871034,
       26.39036979, 25.20637565, 23.70580259, 22.53290866, 25.1992397 ,
       23.70428617, 25.13198495, 24.76458218, 26.34596326, 24.18441274,
       25.97230184, 24.28563822, 24.24747742, 23.14347263, 22.6536679 ,
       21.89493895, 21.5788986 , 22.81032219, 22.89464144, 25.05864378,
       27.11365067, 22.86537967, 25.02890436, 25.38943132, 22.28394381,
       26.34774291, 22.66547263, 23.14491145, 22.99646975, 20.78040909,
       22.69608532, 23.24720347, 22.16073549, 22.4031562 , 24.29932902,
       25.10170232, 20.86760506, 24.69629931, 21.6074386 , 25.22705281,
       23.44460704, 25.86118165, 25.69860318, 24.59701451, 22.99387186,
       24.82957789, 23.6937265 , 26.68034626, 23.63827292, 24.66926876,
       25.59270263, 24.47612332, 26.38990432, 23.80167475, 28.0147103 ,
       23.68314197, 24.32816675, 24.88123737, 26.13862599, 26.43622628,
       25.29528529, 25.62430017, 25.93815253, 22.83307535, 21.40072465,
       22.98775721, 21.12346589, 23.97654836, 22.8862448 , 28.49346622,
       26.88446026, 26.17663939, 23.88916969, 24.21765983, 26.75738226,
       23.23208893, 23.14214453, 27.02321079, 25.40327764, 25.74275504,
       22.75257298, 24.1659607 , 22.32684516])


Rx5day Yearly data.

array([42.61840923, 43.91840779, 48.93235659, 43.56649342, 41.04988139,
       49.03887669, 42.58436335, 42.78281561, 47.10351464, 50.14338539,
       44.99471449, 45.15376056, 48.23409357, 49.52551555, 50.76352225,
       51.48922664, 55.93181982, 39.25817509, 49.29087126, 42.25914876,
       48.24601727, 45.22493875, 44.33639838, 49.0563364 , 45.66881486,
       47.6696964 , 49.63382356, 46.77768922, 47.29702374, 49.44417187,
       48.50284352, 47.0389581 , 58.21757058, 47.30467674, 43.5224871 ,
       52.85921585, 48.9201844 , 47.87612605, 45.7163852 , 49.43944386,
       45.87913295, 50.49808522, 49.52574941, 51.80389967, 48.76057753,
       51.73602913, 48.66167152, 50.48005122, 47.54004784, 47.04334915,
       42.67549108, 44.23411091, 46.97874755, 46.60781361, 51.82380523,
       56.39942036, 45.85171833, 50.22642223, 51.22273661, 45.4928174 ,
       52.76523805, 45.55088248, 45.33443679, 46.624026  , 40.65413314,
       45.8310622 , 47.50908326, 44.38920222, 45.08500472, 48.90449427,
       49.70101306, 42.36117525, 49.80282987, 43.32223809, 51.72342459,
       47.1587984 , 51.28278431, 50.01519089, 47.43784916, 46.16410468,
       47.41996793, 46.00176358, 54.20817463, 47.22050104, 48.03356199,
       51.694713  , 46.19040405, 53.78354932, 45.82206782, 55.6112142 ,
       46.9456041 , 47.92100145, 49.52585226, 50.74618313, 53.56718723,
       50.67104812, 49.01372423, 51.07276406, 45.94287097, 42.23458735,
       45.27860128, 41.34166242, 46.4611101 , 45.69667877, 56.79334583,
       51.06566498, 51.75407613, 48.11292375, 45.80772053, 50.21976997,
       45.47464115, 44.0846569 , 51.1370812 , 46.76036668, 47.90185664,
       44.9095066 , 46.68727307, 42.22823182])


R10mm Yearly data

array([30.65876878, 31.07827375, 34.84810662, 30.3645018 , 28.45123757,
       33.97376772, 30.70404062, 32.42542839, 34.60630421, 35.89422467,
       31.31394119, 32.91918765, 31.26422678, 34.28770891, 33.42521684,
       38.48423948, 42.73704252, 27.81235456, 35.63042099, 28.91622594,
       34.38227205, 34.08969748, 32.37021367, 34.43875608, 33.82441295,
       34.68817432, 33.90543685, 33.22424371, 33.64565263, 33.20287709,
       36.65284536, 33.72709964, 38.28115084, 34.76221705, 32.24941824,
       37.10514068, 33.94965094, 36.04146393, 31.05161836, 33.37507933,
       28.87687751, 35.76369791, 36.41992807, 36.5381849 , 35.11000635,
       37.29426698, 34.81912418, 37.20922361, 36.86122276, 33.63972922,
       29.72011847, 31.79077639, 34.37444468, 33.89760948, 38.0463296 ,
       39.63295959, 32.56822509, 35.2233975 , 37.6037656 , 31.98561455,
       38.04336789, 32.98561455, 33.12587265, 34.26126507, 27.13475777,
       30.18024117, 33.22995557, 29.30590226, 31.34525069, 35.12671885,
       34.88703194, 26.46795007, 34.21599323, 30.06938862, 37.65199915,
       32.23651365, 37.12629575, 35.20160779, 28.54008885, 34.81171991,
       32.96297863, 31.78273747, 38.27586207, 32.35963613, 32.61370848,
       31.27649672, 30.7152528 , 36.74423524, 31.99280728, 38.92891898,
       31.94605458, 31.0012693 , 34.3482124 , 34.98794161, 34.38481066,
       33.62513222, 32.96615189, 34.86143431, 32.02750159, 29.56484028,
       31.34630844, 26.67167337, 33.68669346, 30.94647768, 34.74846626,
       31.14046964, 32.95472816, 32.52168394, 28.07742754, 36.28305479,
       33.63761371, 30.84472181, 35.75692828, 29.12100698, 30.538608  ,
       31.8417601 , 32.84387561, 29.54008885])



R20mm Yearly data

array([15.61307383, 15.8096044 , 18.00486567, 15.54305056, 14.24095621,
       17.22382061, 15.33128834, 16.69134758, 17.42902475, 18.33805796,
       15.85889571, 16.79944997, 15.96509414, 17.51026021, 17.29469008,
       19.60820817, 21.56209012, 14.33784641, 18.13243072, 14.50179818,
       17.86122276, 17.45229532, 16.70044426, 17.91284113, 17.30738312,
       17.6513645 , 17.32028771, 16.80156547, 17.0004231 , 16.97567167,
       19.07911995, 17.44573725, 19.95176645, 18.16691348, 16.49587476,
       19.37592553, 17.62513222, 18.54812778, 16.33298075, 17.12544955,
       15.0008462 , 18.84472181, 18.50327904, 18.82250899, 18.17833721,
       19.46308441, 17.97292151, 19.0634652 , 18.64586418, 17.20414639,
       14.68796277, 16.11889147, 17.81679712, 17.37190607, 19.55130104,
       20.39475354, 16.72350328, 18.48212397, 19.32176856, 16.67907764,
       20.06579226, 15.86756928, 16.86249207, 17.93124603, 13.95430506,
       15.35646287, 16.62407447, 14.84154855, 16.38227205, 18.0939285 ,
       17.87010789, 13.60440025, 17.86524223, 15.38967633, 19.36323249,
       16.28093928, 18.90755236, 17.65453776, 14.58091813, 17.73725407,
       16.52929977, 15.45166067, 19.25830336, 16.83943304, 16.65517241,
       15.94182357, 15.69430929, 19.28749736, 16.26718849, 20.24984134,
       16.61709329, 15.93886186, 17.68965517, 18.08546647, 17.98646076,
       17.20964671, 16.41231225, 17.89422467, 16.49947112, 14.74846626,
       15.64607574, 13.41104294, 17.206685  , 15.72794584, 18.15612439,
       16.45187222, 17.46625767, 16.55383964, 14.48698963, 18.8572033 ,
       17.30209435, 16.05267612, 18.95578591, 14.98603766, 15.66109583,
       16.60080389, 17.05521472, 15.28495875])


PRCPTOT yearly data

array([1027.89471441, 1060.71674423, 1183.15350689, 1026.02410859,
        977.70512111, 1139.85750284, 1041.38995168, 1101.54851002,
       1153.71906342, 1211.9066141 , 1060.36710091, 1103.77070319,
       1090.08644947, 1184.48951164, 1135.42930795, 1281.38086731,
       1419.08838107,  929.27114038, 1202.80274144,  983.81121356,
       1159.30732578, 1140.08705866, 1111.94737499, 1182.78012091,
       1135.75474465, 1182.74155224, 1168.44575271, 1115.80951762,
       1149.54671997, 1147.49522639, 1254.07524231, 1145.17894085,
       1327.76743037, 1185.46947793, 1087.58394797, 1272.3144403 ,
       1173.51428665, 1218.93992281, 1075.47423576, 1162.1308203 ,
       1032.94027022, 1234.43699678, 1240.19293786, 1272.27206368,
       1191.71610934, 1282.68186807, 1191.63961945, 1252.15289315,
       1217.0688468 , 1148.22962105,  987.83204006, 1072.78452961,
       1170.62068831, 1152.94803904, 1275.03313976, 1339.65649969,
       1101.31044259, 1239.50691731, 1290.65775472, 1105.49689776,
       1336.99162914, 1101.91960566, 1127.59610216, 1179.06584234,
        933.38396219, 1022.35932814, 1114.60523849, 1018.48276571,
       1080.42884612, 1209.85259407, 1197.83053485,  919.28845283,
       1206.56847718, 1075.93903633, 1293.64815256, 1127.97097319,
       1258.38466861, 1217.38095046, 1016.86496744, 1171.81913618,
       1141.08775169, 1075.63385231, 1298.07519823, 1139.27516932,
       1133.10149324, 1100.94608664, 1073.99283849, 1289.86688473,
       1104.56685016, 1354.83593216, 1126.54099226, 1074.11294399,
       1184.79143025, 1239.94384681, 1202.52277493, 1155.06098606,
       1156.37044539, 1211.9506389 , 1104.71501861, 1019.75602247,
       1072.54340516,  930.75110465, 1163.16368901, 1058.37737316,
       1261.55902896, 1156.31103827, 1188.16602123, 1119.00359293,
        992.25855935, 1240.03333777, 1147.84178363, 1065.24292949,
       1247.20230214, 1033.41199097, 1070.07986665, 1106.72449837,
       1134.94545981, 1016.87871657])


SDII yearly data

array([11.9847986 , 12.50599768, 13.31223747, 12.1037526 , 12.45771798,
       12.66113256, 12.37573122, 13.34281373, 12.65673902, 13.14854813,
       11.81482604, 13.0913766 , 12.72161622, 13.13129143, 12.42192013,
       13.22731683, 12.97215839, 11.88217708, 12.73717639, 12.68449851,
       13.49257551, 12.80568222, 13.128847  , 13.19538021, 12.46502814,
       13.00824088, 12.94743263, 12.6095454 , 12.72091675, 12.97904833,
       13.28182715, 13.16285495, 13.65421189, 13.16367273, 12.7835778 ,
       12.93142802, 13.22675858, 12.79731792, 12.60362353, 12.8555888 ,
       13.26665881, 13.58389877, 13.02923329, 13.42095787, 13.41295367,
       13.32096946, 13.52857505, 12.87265076, 13.10670878, 13.55387776,
       12.29096126, 12.97156931, 13.69141893, 13.20407189, 13.50910492,
       13.72073746, 12.81804253, 13.60477217, 13.55133201, 13.22660939,
       13.62434007, 12.10585101, 12.74305609, 13.69494328, 12.99975282,
       13.07548871, 13.04653942, 13.08283184, 13.38729578, 13.40601327,
       13.04290873, 12.90015875, 13.88969041, 12.68677323, 13.7323916 ,
       13.60221245, 13.19396699, 13.14741598, 13.26497867, 13.34201422,
       13.19339574, 12.56238268, 13.73974148, 13.81493799, 13.29581093,
       13.49762154, 12.84070581, 14.37805981, 13.48069744, 13.99975375,
       13.61458143, 14.10623279, 14.04392681, 14.17145692, 14.13080212,
       13.87690223, 12.85813249, 13.3925677 , 13.33969354, 13.1462459 ,
       12.78725212, 12.45868248, 13.28742262, 12.91070989, 14.44846291,
       14.26458836, 14.02416913, 13.13861621, 13.53273036, 13.78838805,
       13.43039735, 13.50209796, 14.12410827, 13.19500397, 13.92620542,
       13.49076645, 13.44396752, 13.23072416])



drySpell yearly data

array([ 78.07763909,  89.55257034,  93.05796488,  74.68563571,
        88.6500952 ,  82.25089909,  86.82018193,  94.0939285 ,
        80.82335519,  98.75481278,  79.83795219,  81.98307595,
        82.16818278,  77.07488894,  61.82377829,  89.08165856,
        63.17347155,  94.42352443,  73.23820605,  95.41358155,
       103.07192723,  95.28157394,  76.13010366,  87.66363444,
        95.15252803,  76.80389253,  73.38883012,  77.95705521,
        77.29151682,  78.84366406,  89.31880685,  81.16818278,
        66.85106833,  91.2054157 ,  81.28326634,  61.99809604,
        72.49841337,  86.317326  ,  83.14596996,  73.88703194,
        84.20985826,  82.95176645,  87.10112122,  71.83266342,
        89.16268246,  76.76602496,  82.49502856,  79.04379099,
        89.69473239,  88.48783584,  85.95176645,  89.94605458,
        94.70298286,  83.69113603,  86.2851703 ,  86.16818278,
        77.30463296,  85.28009308,  85.80135392,  89.42585149,
        79.56251322,  67.47239264,  78.99111487,  98.32938439,
        90.80029617,  89.13560398,  76.649249  ,  85.24328327,
       101.34800085,  86.90014809,  84.17812566,  94.77004443,
        92.61772795, 100.88364713,  89.10577533,  90.08398561,
        78.67950074,  68.67907764,  73.14977787,  90.73450391,
        74.06896552,  74.08229321,  89.40131161,  90.02411678,
        90.67611593,  77.34228898,  82.46921938,  88.07615824,
        88.47345039,  77.37359848,  88.32028771, 100.34588534,
        83.60016924,  84.8718003 ,  83.66871166,  92.7285805 ,
        77.317326  ,  80.23460969, 101.76687117,  92.71504125,
        89.96319018,  89.33594246,  84.18489528,  91.62132431,
        77.05521472,  75.94330442,  85.48720118,  82.30949862,
        91.72773429,  83.90585995,  94.54812778, 102.6029194 ,
        73.72181087,  78.35603977,  66.95599746,  93.97376772,
        90.39602285,  90.80981595])



wetSpell yearly data

array([13.65157605, 12.3661942 , 14.73852338, 14.59657288, 11.89274381,
       15.02136662, 16.00698117, 18.51660673, 15.35730908, 14.82758621,
       13.05542627, 16.14216205, 11.21514703, 16.57139835, 12.00782737,
       15.3177491 , 16.75565898, 11.72815739, 14.98836471, 14.03321345,
       15.44044849, 16.43790988, 16.25639941, 16.08081235, 15.16649037,
       16.40490798, 15.10239052, 13.11127565, 14.74190819, 15.10725619,
       16.98878781, 16.05563783, 14.55997461, 15.81171991, 15.95811297,
       15.11127565, 15.11614132, 15.7782949 , 13.44679501, 15.37232917,
       11.73640787, 16.59847684, 15.54051195, 15.70023271, 15.18341443,
       16.14491221, 15.24349482, 15.81214301, 16.24687963, 16.81447007,
       12.86397292, 15.66976941, 15.06875397, 15.43346732, 16.97736408,
       17.02348212, 14.43346732, 16.04506029, 16.63994077, 15.19335731,
       15.79754601, 16.27374656, 13.86693463, 14.81806643, 11.90649461,
       14.87962767, 15.2217051 , 13.17685636, 14.37444468, 15.3503279 ,
       14.39031098, 12.03765602, 14.92278401, 13.75925534, 15.7152528 ,
       15.26866935, 16.3966575 , 14.75333192, 13.15252803, 15.89083986,
       14.14554686, 14.41273535, 15.62767083, 14.38967633, 14.15887455,
       12.80093082, 11.95959382, 14.77279458, 12.06896552, 15.50835625,
       13.93209224, 12.94118891, 12.58938016, 14.49714407, 14.74910091,
       13.94753543, 12.23862915, 14.13835414, 13.63570975, 11.57372541,
       13.8584726 , 11.14829702, 13.55193569, 12.9841337 , 13.00528877,
       13.16754813, 12.82039348, 13.20266554, 11.30378676, 12.19060715,
       14.53733869, 13.80156547, 14.44404485, 11.98921092, 10.84874127,
       12.65263381, 12.27586207, 12.49968267])